12
418
586
648
989
1081
3980
5699
6204
30973
40523
74543
118203
273383
760654
809273
811377
813286
817209
817288
914061
1000591
1006521
1159251
1178011
1236101
1489691
1784181
1835411
2195241
2384071
2425151
2529971
2803191
3331681
3496641
3754891
4939401
5252591
5336752
5520332
5558312
5763262
5920532
5959342
6449282
6527972
6717192
7023592
7025662
7184612
7212562
7270292
7334402
7429102
7745472
8453452
8479062
8653962
8845592
9532402
9624042
9629222
10326832
10615232
10742132
10850192
11204932
11381522
11578732
11616772
11651202
11666142
11680962
11704332
12006842
12337072
12354832
12494562
12670512
13192972
13218102
13298072
13334762
13416712
13524182
13613292
14115912
14123683
14163275
14208617
14230524
14245324
14246001
14270650
14275290
14344823
14369314
14412533
14417215
14465607
14466538
14529929
14591033
14616957
14620190
14654552
14677751
14716058
14738157
14784550
14790966
14791251
14791918
14845376
14849562
14940354
14962779
15021469
15085627
15087011
15091022
15101714
15131310
15158441
15162193
15199539
15224867
15240440
15320603
15324851
15359578
15366561
15397465
15446531
15485441
15520005
15524875
15577098
15637008
15676492
15681343
15686959
15689503
15692193
15695369
15724503
15745368
15749983
15771423
15808765
15836048
15840909
15846407
15849929
15893354
15897465
15901113
15919116
15931637
15949337
15991258
16017996
16056306
16076032
16097702
16125042
16125224
16147150
16160352
16188518
16190898
16246929
16261707
16366375
16370204
16409683
16555985
16563015
16573941
16584443
16637298
16686919
16812787
16887628
17049354
17074714
17078632
17137891
17169239
17170147
17193794
17288348
17308994
17365848
17375116
17416571
17448575
17475575
17476533
17494010
17499394
17560096
17610945
17629628
17634248
17640219
17751265
17881467
17908435
17919972
17981602
18001417
18020081
18023868
18029328
18061669
18132032
18137749
18172905
18199523
18220175
18462157
18463930
18506925
18510066
18625669
18632666
18637396
18646108
18655567
18678924
18695134
18726666
18810140
18863815
18869484
18915145
18939358
18963809
18994444
19011374
19034788
19037711
19040598
19103481
19238073
19291441
19336500
19355454
19366287
19380829
19394188
19395523
19396002
19397785
19404869
19418459
19573111
19614302
19614674
19629840
19709040
19726613
19847765
19914257
19923530
19933146
19992977
20113797
20252855
20262083
20322929
20398450
20454964
20457806
20479813
20536157
20546536
20571663
20595739
20597460
20637451
20785440
20793816
20815668
20861943
20957491
21021891
21104257
21111098
21111883
21157904
21220931
21269970
21307076
21316253
21346619
21406834
21431618
21447363
21454322
21570308
21628891
21677409
21693060
21811293
21827185
22030851
22061951
22258315
22273667
22301442
22536055
22551860
22720074
22771961
22787635
22869559
22986858
23083404
23151437
23196059
23375688
23449774
23482357
23621827
23756134
23774401
23970102
23976717
24017926
24054721
24160942
24421464
24423418
24439201
24464743
25073877
25103967
25365536
25395727
25529158
25542568
25570548
25734246
25810212
25996721
26061631
26092859
26103389
26133429
26565946
26589987
27025414
27056655
27195114
27260086
27305797
27674257
27688803
28049266
28209292
28436760
28676469
28706024
28824426
29201047
29263488
29271362
29442313
30009639
30018058
30030035
30042497
30138131
30366928
30875335
31226292
31239408
31348594
31496613
31522400
32453930
32516857
32880255
33222598
33537967
33612317
33696409
33711990
33750798
33919343
33956270
33995409
34010976
34022952
34295089
34308692
34395888
34407641
34430522
34507480
34675715
34743251
35094637
35861227
35872744
35880417
35936474
35961145
35982046
36054601
36232059
36359791
36396752
36568063
36665547
36746176
36770485
36890646
37008048
37656339
37667501
37687077
37695691
37959591
38496530
39155029
39348261
39525554
39556712
39578769
39657792
39958022
40049477
40101400
40197535
40923070
41135906
41377904
41634520
41848888
42058918
42384760
42562446
42641711
42712551
42867610
42871498
43383705
43581352
43658360
43910797
44182242
44350146
44409004
44536683
44627268
44630578
45112524
45399148
45510215
45900567
46176168
46177695
46511103
46817943
47285504
47448886
47506568
47747074
47786101
47998818
48410093
48580514
48724141
50325797
50374439
50380676
50393960
50687788
50811932
52378533
52522194
53416356
53569692
53643297
53853197
54359015
54622050
55117855
55421408
55526996
55677432
56488059
56693003
57071887
57098362
57127675
57214964
57963724
59297233
59331128
59676104
59839012
59841697
59889953
60688326
60828944
61127668
61249886
61559439
62513246
62622531
62643747
62862144
63276081
63786611
64141011
64481865
64764487
64784531
64834590
65457124
66193960
66472414
66891808
67418441
68506780
68512208
69426451
69427169
69687111
71026122
71201743
71323944
71626760
72198806
72915722
73238146
73303753
74130577
74286565
74712538
75014376
75357513
75364211
75939860
75974281
76430569
76456274
76481951
76649729
76762658
76979060
77032777
78193153
78403308
78613092
78661839
79293791
79320096
80019404
80617430
80619946
81192849
82382893
82657929
82916410
83681993
84087294
84279963
84406725
84623395
85401970
85452649
85603854
86129724
87228706
87299367
87498687
87769890
88784440
89084561
89193992
89480902
89587925
89887215
90484508
91166086
91390383
92186819
92357890
93069110
93876666
94558801
95735455
95747041
95931538
95955871
96140805
96154204
96846955
97739866
98458823
98588767
98809456
99852849
100220864
100516599
101311381
102460842
102812444
103027518
103085208
104198706
104299137
104324860
105001940
106837463
108617810
108686283
109071031
109287731
109446583
109634966
109968678
110365072
110522065
111092283
111372861
112423234
112526560
113137199
114816952
115211060
115497237
116362700
117501995
117789943
117809503
117839957
119491006
121165704
121181792
121580581
122473388
123327472
123666417
124335068
126118683
126722715
128102424
128668358
129997410
130945778
132385468
132703700
132708764
132950361
133865373
134887156
135932373
136550204
137129421
138479037
139092348
139738464
140286364
140872924
142334996
142490217
144748652
145331696
145346276
147649517
148872151
149308566
150078976
151233724
151444950
153181367
153307097
155541003
155650832
155659213
158014897
158129535
158314798
158487331
159113258
163589845
163598915
164011937
164326175
164365554
165771313
166042524
166739404
167562319
168506048
169586280
171114552
171598736
172470598
172496840
172858784
173925279
174593833
179588796
180798800
181561712
181572333
182441611
182548490
182926996
183318979
184136149
184860130
184910040
185360823
188039706
189176466
190236773
191589342
193348936
193744918
193794406
194233791
195702287
198223234
202206694
204881628
205415788
206487352
207495308
209576618
209708391
210953833
211583400
212702867
213745334
213795411
213969309
214210756
216481299
216503958
216881337
216939636
217160945
217416964
217543151
217550862
218325695
220336959
221162525
222622640
224221596
224285242
224320485
225921757
227216207
227712850
230450027
231209943
231213589
231854033
232268199
233696188
233737858
233985354
234128524
234141596
234374703
234406945
235217558
236026761
236230377
236511574
236699098
236975376
237770636
238319766
238475531
241382835
242555999
242797777
242836537
242944499
243271477
243639047
244800486
245602870
246481013
246760377
247334603
247365368
247416314
247785677
248829112
249787913
250188760
250684710
250831586
251496825
252663106
253167239
253857559
255388236
255858570
256225105
257013116
258447339
258885469
259395895
259440099
259925559
260784447
262425225
262756641
263650295
263806268
264219447
265483421
266133081
266768078
267399199
267425142
267893832
268414482
269375709
270933191
271013671
274308358
274673392
275572403
277124730
277317752
278124059
278221207
278365892
278895111
280557152
280701704
282545479
282554062
285332860
288290125
288764875
288863891
290081566
291756142
293131808
294270520
296361085
297047872
298036114
299373263
300878069
301251379
304573348
308233424
309728693
314824715
316756361
317370751
317528802
320962473
325497645
326239999
326255267
327862439
329761746
331877987
336116660
337853585
338299807
339822881
339977188
342887079
343393247
344634424
346197350
347308370
353737617
358252545
360054369
364477412
369583954
372817561
372854615
374162887
378077984
378197959
382791093
386225125
388325606
393452446
398088661
402156231
405085229
407013776
407983874
413487212
413566066
415859364
424435659
426159377
432895323
435302260
435500714
437789543
455585786
461922813
462122963
463028527
467520901
476256944
482446481
485728330
485747600
486694111
495486267
497456097
507672047
509156087
515822213
516110380
526316060
531892451
534249758
534842435
546143428
551373363
555393138
555474658
557190069
566019038
569569550
571213515
574032254
580097412
581189344
586136477
599689553
600463589
600986080
602108840
612792060
618480916
620618811
626498180
716091404
731261790
740336334
783763632
807586682
818238024
823523768
829485349
846095228
876505818
914311278
917104380
934714110
946549322
962394086
968650362
970207298
997684836
1056152593
1058520120
1061029050
1068481578
1071402577
1074480192
1074518754
1096059529
1099199839
1138959692
1155522630
1194947442
1249982359
1262099252
1262554999
1305940272
1306571198
1337291258
1337785291
1357602608
1454477221
1462611546
1491310134
1493053800
1498913881
1516463580
1516521758
1520826877
1566547009
1578583062
1615802550
1666100959
1703636814
1707305418
1726561729
1880281963
1909232666
2178012643
2203694004
2215976798
2216675940
2227497746
2371122726
2457206925
2478412250
2491232900
2499906818
2541746143
2581056602
2588219916
2645632766
2690900346
2707209427
2715115656
2840393289
2856787757
2863210809
2872358235
2891210047
2893511188
2904112697
2955485182
2962923040
2964174789
3061977469
3063032281
3193631024
3201751330
3252885140
3309375033
3587032634
4069757716
4287233112
698610885586194433
715901816857358336
717084298441068545
727448203180822528
748215038159183872
748229600275210240
753670706311815169
756132303651373060
763107598451154945
803694179079458816
804879129766141952
811313565760163844
816683274076614656
827296225955180544
829794295355940866
846805558812463106
898196334540402688
